0.000000,0.000000,0.000000,0.000000,0
-0.058364,0.998295,0.000000,0.000000,12
-0.059021,0.998257,0.000000,0.000000,24
-0.059680,0.998218,0.000000,0.000000,36
-0.060672,0.998158,0.000000,0.000000,60
-0.062002,0.998076,0.000000,0.000000,84
-0.063340,0.997992,0.000000,0.000000,108
-0.064685,0.997906,0.000000,0.000000,132
-0.066038,0.997817,0.000000,0.000000,156
-0.067399,0.997726,0.000000,0.000000,180
-0.068768,0.997633,0.000000,0.000000,204
-0.070145,0.997537,0.000000,0.000000,228
-0.071530,0.997438,0.000000,0.000000,252
-0.072923,0.997338,0.000000,0.000000,276
-0.074325,0.997234,0.000000,0.000000,300
-0.075734,0.997128,0.000000,0.000000,324
-0.077153,0.997019,0.000000,0.000000,348
-0.078579,0.996908,0.000000,0.000000,372
-0.080014,0.996794,0.000000,0.000000,395
-0.081458,0.996677,0.000000,0.000000,418
-0.082910,0.996557,0.000000,0.000000,441
-0.084371,0.996434,0.000000,0.000000,464
-0.085840,0.996309,0.000000,0.000000,487
-0.087319,0.996180,0.000000,0.000000,510
-0.088806,0.996049,0.000000,0.000000,533
-0.090302,0.995914,0.000000,0.000000,556
-0.091807,0.995777,0.000000,0.000000,579
-0.093322,0.995636,0.000000,0.000000,602
-0.094845,0.995492,0.000000,0.000000,625
-0.096378,0.995345,0.000000,0.000000,648
-0.097920,0.995194,0.000000,0.000000,671
-0.099472,0.995040,0.000000,0.000000,694
-0.101033,0.994883,0.000000,0.000000,716
-0.102604,0.994722,0.000000,0.000000,738
-0.104184,0.994558,0.000000,0.000000,760
-0.105774,0.994390,0.000000,0.000000,782
-0.107373,0.994219,0.000000,0.000000,804
-0.108983,0.994044,0.000000,0.000000,826
-0.110602,0.993865,0.000000,0.000000,848
-0.112232,0.993682,0.000000,0.000000,870
-0.113872,0.993495,0.000000,0.000000,892
-0.115521,0.993305,0.000000,0.000000,914
-0.117181,0.993111,0.000000,0.000000,936
-0.118852,0.992912,0.000000,0.000000,958
-0.120532,0.992709,0.000000,0.000000,980
-0.122224,0.992503,0.000000,0.000000,1002
-0.123926,0.992292,0.000000,0.000000,1023
-0.125638,0.992076,0.000000,0.000000,1044
-0.127361,0.991856,0.000000,0.000000,1065
-0.129096,0.991632,0.000000,0.000000,1086
-0.130841,0.991403,0.000000,0.000000,1107
-0.132597,0.991170,0.000000,0.000000,1128
-0.134364,0.990932,0.000000,0.000000,1149
-0.136142,0.990689,0.000000,0.000000,1170
-0.137932,0.990442,0.000000,0.000000,1191
-0.139733,0.990189,0.000000,0.000000,1212
-0.141545,0.989932,0.000000,0.000000,1233
-0.143369,0.989669,0.000000,0.000000,1254
-0.145205,0.989402,0.000000,0.000000,1275
-0.147053,0.989129,0.000000,0.000000,1296
-0.148912,0.988850,0.000000,0.000000,1316
-0.150783,0.988567,0.000000,0.000000,1336
-0.152666,0.988278,0.000000,0.000000,1356
-0.154561,0.987983,0.000000,0.000000,1376
-0.156469,0.987683,0.000000,0.000000,1396
-0.158389,0.987377,0.000000,0.000000,1416
-0.160321,0.987065,0.000000,0.000000,1436
-0.162266,0.986747,0.000000,0.000000,1456
-0.164223,0.986423,0.000000,0.000000,1476
-0.166193,0.986093,0.000000,0.000000,1496
-0.168176,0.985757,0.000000,0.000000,1516
-0.170172,0.985414,0.000000,0.000000,1536
-0.172180,0.985065,0.000000,0.000000,1556
-0.174202,0.984710,0.000000,0.000000,1576
-0.176237,0.984348,0.000000,0.000000,1595
-0.178285,0.983979,0.000000,0.000000,1614
-0.180347,0.983603,0.000000,0.000000,1633
-0.182422,0.983220,0.000000,0.000000,1652
-0.184511,0.982830,0.000000,0.000000,1671
-0.186614,0.982433,0.000000,0.000000,1690
-0.188730,0.982029,0.000000,0.000000,1709
-0.190861,0.981617,0.000000,0.000000,1728
-0.193005,0.981198,0.000000,0.000000,1747
-0.195164,0.980771,0.000000,0.000000,1766
-0.197336,0.980336,0.000000,0.000000,1785
-0.199524,0.979893,0.000000,0.000000,1804
-0.201725,0.979442,0.000000,0.000000,1823
-0.203942,0.978983,0.000000,0.000000,1842
-0.206173,0.978516,0.000000,0.000000,1861
-0.208418,0.978040,0.000000,0.000000,1879
-0.210679,0.977555,0.000000,0.000000,1897
-0.212955,0.977062,0.000000,0.000000,1915
-0.215246,0.976560,0.000000,0.000000,1933
-0.217552,0.976049,0.000000,0.000000,1951
-0.219873,0.975528,0.000000,0.000000,1969
-0.222210,0.974999,0.000000,0.000000,1987
-0.224563,0.974460,0.000000,0.000000,2005
-0.226931,0.973911,0.000000,0.000000,2023
-0.229315,0.973352,0.000000,0.000000,2041
-0.231715,0.972784,0.000000,0.000000,2059
-0.234131,0.972205,0.000000,0.000000,2077
-0.236564,0.971616,0.000000,0.000000,2095
-0.239012,0.971017,0.000000,0.000000,2113
-0.241477,0.970407,0.000000,0.000000,2131
-0.243959,0.969786,0.000000,0.000000,2148
-0.246457,0.969154,0.000000,0.000000,2165
-0.248972,0.968511,0.000000,0.000000,2182
-0.251503,0.967856,0.000000,0.000000,2199
-0.254052,0.967191,0.000000,0.000000,2216
-0.256618,0.966513,0.000000,0.000000,2233
-0.259201,0.965823,0.000000,0.000000,2250
-0.261801,0.965122,0.000000,0.000000,2267
-0.264419,0.964408,0.000000,0.000000,2284
-0.267054,0.963681,0.000000,0.000000,2301
-0.269707,0.962942,0.000000,0.000000,2318
-0.272378,0.962190,0.000000,0.000000,2335
-0.275067,0.961425,0.000000,0.000000,2352
-0.277774,0.960647,0.000000,0.000000,2369
-0.280499,0.959854,0.000000,0.000000,2386
-0.283242,0.959049,0.000000,0.000000,2402
-0.286003,0.958229,0.000000,0.000000,2418
-0.288783,0.957395,0.000000,0.000000,2434
-0.291582,0.956546,0.000000,0.000000,2450
-0.294399,0.955683,0.000000,0.000000,2466
-0.297235,0.954804,0.000000,0.000000,2482
-0.300090,0.953911,0.000000,0.000000,2498
-0.302964,0.953002,0.000000,0.000000,2514
-0.305857,0.952077,0.000000,0.000000,2530
-0.308770,0.951137,0.000000,0.000000,2546
-0.311701,0.950180,0.000000,0.000000,2562
-0.314652,0.949207,0.000000,0.000000,2578
-0.317623,0.948217,0.000000,0.000000,2594
-0.320613,0.947210,0.000000,0.000000,2610
-0.323623,0.946186,0.000000,0.000000,2626
-0.326653,0.945144,0.000000,0.000000,2642
-0.329703,0.944085,0.000000,0.000000,2657
-0.332773,0.943007,0.000000,0.000000,2672
-0.335863,0.941911,0.000000,0.000000,2687
-0.338974,0.940796,0.000000,0.000000,2702
-0.342104,0.939662,0.000000,0.000000,2717
-0.345255,0.938509,0.000000,0.000000,2732
-0.348427,0.937336,0.000000,0.000000,2747
-0.351619,0.936143,0.000000,0.000000,2762
-0.354832,0.934930,0.000000,0.000000,2777
-0.358065,0.933697,0.000000,0.000000,2792
-0.361319,0.932442,0.000000,0.000000,2807
-0.364595,0.931166,0.000000,0.000000,2822
-0.367891,0.929869,0.000000,0.000000,2837
-0.371208,0.928550,0.000000,0.000000,2852
-0.374546,0.927208,0.000000,0.000000,2867
-0.377906,0.925844,0.000000,0.000000,2882
-0.381286,0.924457,0.000000,0.000000,2897
-0.384688,0.923047,0.000000,0.000000,2911
-0.388111,0.921613,0.000000,0.000000,2925
-0.391556,0.920154,0.000000,0.000000,2939
-0.395022,0.918672,0.000000,0.000000,2953
-0.398509,0.917164,0.000000,0.000000,2967
-0.402018,0.915632,0.000000,0.000000,2981
-0.405548,0.914074,0.000000,0.000000,2995
-0.409100,0.912490,0.000000,0.000000,3009
-0.412673,0.910879,0.000000,0.000000,3023
-0.416268,0.909242,0.000000,0.000000,3037
-0.419885,0.907578,0.000000,0.000000,3051
-0.423523,0.905886,0.000000,0.000000,3065
-0.427182,0.904166,0.000000,0.000000,3079
-0.430863,0.902417,0.000000,0.000000,3093
-0.434566,0.900640,0.000000,0.000000,3107
-0.438290,0.898834,0.000000,0.000000,3121
-0.442036,0.896998,0.000000,0.000000,3135
-0.445803,0.895131,0.000000,0.000000,3149
-0.449591,0.893235,0.000000,0.000000,3162
-0.453401,0.891307,0.000000,0.000000,3175
-0.457232,0.889348,0.000000,0.000000,3188
-0.461084,0.887356,0.000000,0.000000,3201
-0.464958,0.885333,0.000000,0.000000,3214
-0.468852,0.883277,0.000000,0.000000,3227
-0.472768,0.881187,0.000000,0.000000,3240
-0.476704,0.879064,0.000000,0.000000,3253
-0.480662,0.876906,0.000000,0.000000,3266
-0.484640,0.874714,0.000000,0.000000,3279
-0.488638,0.872487,0.000000,0.000000,3292
-0.492657,0.870224,0.000000,0.000000,3305
-0.496696,0.867924,0.000000,0.000000,3318
-0.500755,0.865589,0.000000,0.000000,3331
-0.504835,0.863216,0.000000,0.000000,3344
-0.508934,0.860806,0.000000,0.000000,3357
-0.513053,0.858357,0.000000,0.000000,3370
-0.517191,0.855870,0.000000,0.000000,3383
-0.521348,0.853344,0.000000,0.000000,3396
-0.525524,0.850779,0.000000,0.000000,3408
-0.529719,0.848173,0.000000,0.000000,3420
-0.533933,0.845527,0.000000,0.000000,3432
-0.538165,0.842840,0.000000,0.000000,3444
-0.542415,0.840111,0.000000,0.000000,3456
-0.546682,0.837340,0.000000,0.000000,3468
-0.550967,0.834527,0.000000,0.000000,3480
-0.555269,0.831671,0.000000,0.000000,3492
-0.559588,0.828771,0.000000,0.000000,3504
-0.563924,0.825827,0.000000,0.000000,3516
-0.568275,0.822839,0.000000,0.000000,3528
-0.573737,0.819040,0.000000,0.000000,3546
-0.580322,0.814387,0.000000,0.000000,3564
-0.586940,0.809630,0.000000,0.000000,3582
-0.593590,0.804768,0.000000,0.000000,3600
-0.600270,0.799797,0.000000,0.000000,3618
-0.606979,0.794718,0.000000,0.000000,3636
-0.613714,0.789528,0.000000,0.000000,3654
-0.620475,0.784227,0.000000,0.000000,3671
-0.627258,0.778811,0.000000,0.000000,3688
-0.634064,0.773281,0.000000,0.000000,3705
-0.640888,0.767634,0.000000,0.000000,3722
-0.647730,0.761870,0.000000,0.000000,3739
-0.654587,0.755987,0.000000,0.000000,3756
-0.661457,0.749983,0.000000,0.000000,3773
-0.668337,0.743858,0.000000,0.000000,3790
-0.675226,0.737611,0.000000,0.000000,3807
-0.682120,0.731240,0.000000,0.000000,3824
-0.689017,0.724745,0.000000,0.000000,3841
-0.695915,0.718124,0.000000,0.000000,3858
-0.702810,0.711378,0.000000,0.000000,3874
-0.709700,0.704504,0.000000,0.000000,3890
-0.716581,0.697503,0.000000,0.000000,3906
-0.723452,0.690375,0.000000,0.000000,3922
-0.730308,0.683118,0.000000,0.000000,3938
-0.737147,0.675733,0.000000,0.000000,3954
-0.743965,0.668219,0.000000,0.000000,3970
-0.750759,0.660576,0.000000,0.000000,3986
-0.757526,0.652805,0.000000,0.000000,4002
-0.764263,0.644905,0.000000,0.000000,4018
-0.770965,0.636878,0.000000,0.000000,4034
-0.777630,0.628723,0.000000,0.000000,4050
-0.784253,0.620441,0.000000,0.000000,4066
-0.790832,0.612033,0.000000,0.000000,4082
-0.797363,0.603500,0.000000,0.000000,4098
-0.803842,0.594843,0.000000,0.000000,4114
-0.810265,0.586063,0.000000,0.000000,4130
-0.816630,0.577162,0.000000,0.000000,4145
-0.822931,0.568141,0.000000,0.000000,4160
-0.829166,0.559002,0.000000,0.000000,4175
-0.835331,0.549747,0.000000,0.000000,4190
-0.841423,0.540378,0.000000,0.000000,4205
-0.847437,0.530896,0.000000,0.000000,4220
-0.853370,0.521305,0.000000,0.000000,4235
-0.859219,0.511608,0.000000,0.000000,4250
-0.864981,0.501805,0.000000,0.000000,4265
-0.870651,0.491902,0.000000,0.000000,4280
-0.876227,0.481899,0.000000,0.000000,4295
-0.881705,0.471802,0.000000,0.000000,4310
-0.887082,0.461612,0.000000,0.000000,4325
-0.892355,0.451333,0.000000,0.000000,4340
-0.897522,0.440970,0.000000,0.000000,4355
-0.902579,0.430524,0.000000,0.000000,4370
-0.907523,0.420002,0.000000,0.000000,4385
-0.912353,0.409405,0.000000,0.000000,4400
-0.917065,0.398739,0.000000,0.000000,4415
-0.921657,0.388007,0.000000,0.000000,4430
-0.926126,0.377213,0.000000,0.000000,4445
-0.930472,0.366363,0.000000,0.000000,4460
-0.934691,0.355460,0.000000,0.000000,4475
-0.938783,0.344509,0.000000,0.000000,4490
-0.942745,0.333514,0.000000,0.000000,4505
-0.946576,0.322480,0.000000,0.000000,4520
-0.950275,0.311411,0.000000,0.000000,4535
-0.953841,0.300313,0.000000,0.000000,4550
-0.957272,0.289189,0.000000,0.000000,4565
-0.960568,0.278045,0.000000,0.000000,4580
-0.963729,0.266884,0.000000,0.000000,4595
-0.966753,0.255713,0.000000,0.000000,4610
-0.969641,0.244535,0.000000,0.000000,4625
-0.972392,0.233355,0.000000,0.000000,4640
-0.975006,0.222177,0.000000,0.000000,4655
-0.977485,0.211007,0.000000,0.000000,4670
-0.979827,0.199848,0.000000,0.000000,4685
-0.982034,0.188705,0.000000,0.000000,4700
-0.984106,0.177583,0.000000,0.000000,4715
-0.986044,0.166485,0.000000,0.000000,4730
-0.987849,0.155416,0.000000,0.000000,4745
-0.989522,0.144380,0.000000,0.000000,4760
-0.991065,0.133381,0.000000,0.000000,4775
-0.992478,0.122423,0.000000,0.000000,4790
-0.993763,0.111509,0.000000,0.000000,4805
-0.994923,0.100644,0.000000,0.000000,4821
-0.995957,0.089830,0.000000,0.000000,4837
-0.996869,0.079072,0.000000,0.000000,4853
-0.997660,0.068373,0.000000,0.000000,4869
-0.998332,0.057736,0.000000,0.000000,4885
-0.998887,0.047163,0.000000,0.000000,4901
-0.999328,0.036658,0.000000,0.000000,4917
-0.999656,0.026224,0.000000,0.000000,4933
-0.999874,0.015864,0.000000,0.000000,4949
-0.999984,0.005579,0.000000,0.000000,4965
-0.999989,-0.004628,0.000000,0.000000,4981
-0.999891,-0.014754,0.000000,0.000000,4997
-0.999693,-0.024797,0.000000,0.000000,5013
-0.999396,-0.034756,0.000000,0.000000,5029
-0.999004,-0.044628,0.000000,0.000000,5045
-0.998519,-0.054412,0.000000,0.000000,5061
-0.997943,-0.064106,0.000000,0.000000,5078
-0.997280,-0.073709,0.000000,0.000000,5095
-0.996531,-0.083219,0.000000,0.000000,5112
-0.995700,-0.092636,0.000000,0.000000,5129
-0.994789,-0.101957,0.000000,0.000000,5146
-0.993800,-0.111182,0.000000,0.000000,5163
-0.992736,-0.120310,0.000000,0.000000,5180
-0.991600,-0.129341,0.000000,0.000000,5197
-0.990394,-0.138273,0.000000,0.000000,5214
-0.989121,-0.147107,0.000000,0.000000,5231
-0.987782,-0.155841,0.000000,0.000000,5248
-0.986381,-0.164475,0.000000,0.000000,5265
-0.984920,-0.173009,0.000000,0.000000,5283
-0.983401,-0.181443,0.000000,0.000000,5301
-0.981827,-0.189777,0.000000,0.000000,5319
-0.980200,-0.198011,0.000000,0.000000,5337
-0.978522,-0.206144,0.000000,0.000000,5355
-0.976795,-0.214177,0.000000,0.000000,5373
-0.975022,-0.222110,0.000000,0.000000,5391
-0.973204,-0.229944,0.000000,0.000000,5409
-0.971657,-0.236396,0.000000,0.000000,5421
-0.970399,-0.241508,0.000000,0.000000,5433
-0.969123,-0.246576,0.000000,0.000000,5445
-0.967831,-0.251601,0.000000,0.000000,5457
-0.966523,-0.256582,0.000000,0.000000,5469
-0.965198,-0.261519,0.000000,0.000000,5481
-0.963859,-0.266414,0.000000,0.000000,5493
-0.962505,-0.271265,0.000000,0.000000,5505
-0.961137,-0.276073,0.000000,0.000000,5517
-0.959755,-0.280839,0.000000,0.000000,5529
-0.958360,-0.285562,0.000000,0.000000,5541
-0.956953,-0.290243,0.000000,0.000000,5554
-0.955534,-0.294882,0.000000,0.000000,5567
-0.954103,-0.299479,0.000000,0.000000,5580
-0.952661,-0.304034,0.000000,0.000000,5593
-0.951209,-0.308548,0.000000,0.000000,5606
-0.949746,-0.313021,0.000000,0.000000,5619
-0.948274,-0.317453,0.000000,0.000000,5632
-0.946792,-0.321845,0.000000,0.000000,5645
-0.945302,-0.326196,0.000000,0.000000,5658
-0.943804,-0.330507,0.000000,0.000000,5671
-0.942297,-0.334778,0.000000,0.000000,5684
-0.940783,-0.339010,0.000000,0.000000,5697
-0.939261,-0.343202,0.000000,0.000000,5710
-0.937733,-0.347356,0.000000,0.000000,5723
-0.936199,-0.351471,0.000000,0.000000,5736
-0.934658,-0.355547,0.000000,0.000000,5749
-0.933112,-0.359585,0.000000,0.000000,5762
-0.931561,-0.363586,0.000000,0.000000,5775
-0.930004,-0.367549,0.000000,0.000000,5788
-0.928443,-0.371474,0.000000,0.000000,5802
-0.926878,-0.375363,0.000000,0.000000,5816
-0.925309,-0.379215,0.000000,0.000000,5830
-0.923735,-0.383031,0.000000,0.000000,5844
-0.922159,-0.386811,0.000000,0.000000,5858
-0.920580,-0.390555,0.000000,0.000000,5872
-0.918998,-0.394263,0.000000,0.000000,5886
-0.917413,-0.397937,0.000000,0.000000,5900
-0.915826,-0.401575,0.000000,0.000000,5914
-0.914237,-0.405180,0.000000,0.000000,5928
-0.912647,-0.408750,0.000000,0.000000,5942
-0.911055,-0.412286,0.000000,0.000000,5956
-0.909461,-0.415788,0.000000,0.000000,5970
-0.907867,-0.419257,0.000000,0.000000,5984
-0.906273,-0.422694,0.000000,0.000000,5998
-0.904677,-0.426097,0.000000,0.000000,6012
-0.903082,-0.429469,0.000000,0.000000,6026
-0.901486,-0.432808,0.000000,0.000000,6040
-0.899891,-0.436115,0.000000,0.000000,6055
-0.898296,-0.439391,0.000000,0.000000,6070
-0.896701,-0.442636,0.000000,0.000000,6085
-0.895108,-0.445850,0.000000,0.000000,6100
-0.893515,-0.449034,0.000000,0.000000,6115
-0.891923,-0.452187,0.000000,0.000000,6130
-0.890333,-0.455310,0.000000,0.000000,6145
-0.888744,-0.458404,0.000000,0.000000,6160
-0.887157,-0.461468,0.000000,0.000000,6175
-0.885571,-0.464503,0.000000,0.000000,6190
-0.883988,-0.467510,0.000000,0.000000,6205
-0.882406,-0.470488,0.000000,0.000000,6220
-0.880827,-0.473438,0.000000,0.000000,6235
-0.879251,-0.476360,0.000000,0.000000,6250
-0.877676,-0.479254,0.000000,0.000000,6265
-0.876105,-0.482121,0.000000,0.000000,6280
-0.874536,-0.484961,0.000000,0.000000,6296
-0.872970,-0.487774,0.000000,0.000000,6312
-0.871407,-0.490561,0.000000,0.000000,6328
-0.869847,-0.493321,0.000000,0.000000,6344
-0.868291,-0.496055,0.000000,0.000000,6360
-0.866738,-0.498764,0.000000,0.000000,6376
-0.865188,-0.501448,0.000000,0.000000,6392
-0.863642,-0.504106,0.000000,0.000000,6408
-0.862099,-0.506739,0.000000,0.000000,6424
-0.860561,-0.509348,0.000000,0.000000,6440
-0.859026,-0.511933,0.000000,0.000000,6456
-0.857495,-0.514493,0.000000,0.000000,6472
-0.855968,-0.517029,0.000000,0.000000,6488
-0.854445,-0.519542,0.000000,0.000000,6504
-0.852926,-0.522032,0.000000,0.000000,6520
-0.851412,-0.524498,0.000000,0.000000,6536
-0.849901,-0.526942,0.000000,0.000000,6553
-0.848395,-0.529363,0.000000,0.000000,6570
-0.846894,-0.531762,0.000000,0.000000,6587
-0.845397,-0.534138,0.000000,0.000000,6604
-0.843905,-0.536493,0.000000,0.000000,6621
-0.842417,-0.538826,0.000000,0.000000,6638
-0.840934,-0.541138,0.000000,0.000000,6655
-0.839456,-0.543428,0.000000,0.000000,6672
-0.837982,-0.545698,0.000000,0.000000,6689
-0.836513,-0.547947,0.000000,0.000000,6706
-0.835049,-0.550175,0.000000,0.000000,6723
-0.833590,-0.552383,0.000000,0.000000,6740
-0.832136,-0.554571,0.000000,0.000000,6757
-0.830687,-0.556739,0.000000,0.000000,6774
-0.829243,-0.558888,0.000000,0.000000,6791
-0.827804,-0.561017,0.000000,0.000000,6808
-0.826370,-0.563127,0.000000,0.000000,6826
-0.824942,-0.565218,0.000000,0.000000,6844
-0.823518,-0.567290,0.000000,0.000000,6862
-0.822100,-0.569344,0.000000,0.000000,6880
-0.820686,-0.571379,0.000000,0.000000,6898
-0.819278,-0.573396,0.000000,0.000000,6916
-0.817876,-0.575395,0.000000,0.000000,6934
-0.816478,-0.577376,0.000000,0.000000,6952
-0.815086,-0.579340,0.000000,0.000000,6970
-0.813699,-0.581286,0.000000,0.000000,6988
-0.812318,-0.583215,0.000000,0.000000,7006
-0.810941,-0.585128,0.000000,0.000000,7024
-0.809570,-0.587023,0.000000,0.000000,7042
-0.808205,-0.588901,0.000000,0.000000,7060
-0.806845,-0.590763,0.000000,0.000000,7078
-0.805490,-0.592609,0.000000,0.000000,7097
-0.804141,-0.594439,0.000000,0.000000,7116
-0.802797,-0.596253,0.000000,0.000000,7135
-0.801458,-0.598051,0.000000,0.000000,7154
-0.800125,-0.599833,0.000000,0.000000,7173
-0.798797,-0.601600,0.000000,0.000000,7192
-0.797475,-0.603352,0.000000,0.000000,7211
-0.796158,-0.605088,0.000000,0.000000,7230
-0.794847,-0.606810,0.000000,0.000000,7249
-0.793541,-0.608517,0.000000,0.000000,7268
-0.792240,-0.610209,0.000000,0.000000,7287
-0.790945,-0.611887,0.000000,0.000000,7306
-0.789656,-0.613550,0.000000,0.000000,7325
-0.788371,-0.615200,0.000000,0.000000,7344
-0.787093,-0.616835,0.000000,0.000000,7364
-0.785819,-0.618456,0.000000,0.000000,7384
-0.251163,0.967945,0.000000,0.000000,7400
-0.248174,0.968715,0.000000,0.000000,7415
-0.245165,0.969481,0.000000,0.000000,7430
-0.242137,0.970242,0.000000,0.000000,7445
-0.239088,0.970998,0.000000,0.000000,7460
-0.236020,0.971748,0.000000,0.000000,7475
-0.232931,0.972493,0.000000,0.000000,7490
-0.229823,0.973233,0.000000,0.000000,7505
-0.226694,0.973966,0.000000,0.000000,7520
-0.223544,0.974694,0.000000,0.000000,7535
-0.220374,0.975415,0.000000,0.000000,7550
-0.217184,0.976131,0.000000,0.000000,7565
-0.213973,0.976840,0.000000,0.000000,7580
-0.210741,0.977542,0.000000,0.000000,7595
-0.207488,0.978238,0.000000,0.000000,7610
-0.204214,0.978926,0.000000,0.000000,7625
-0.200919,0.979608,0.000000,0.000000,7640
-0.197603,0.980282,0.000000,0.000000,7655
-0.194266,0.980949,0.000000,0.000000,7670
-0.190908,0.981608,0.000000,0.000000,7685
-0.187528,0.982259,0.000000,0.000000,7700
-0.184126,0.982903,0.000000,0.000000,7715
-0.180703,0.983538,0.000000,0.000000,7730
-0.177259,0.984164,0.000000,0.000000,7744
-0.173793,0.984782,0.000000,0.000000,7758
-0.170304,0.985391,0.000000,0.000000,7772
-0.166795,0.985992,0.000000,0.000000,7786
-0.163263,0.986583,0.000000,0.000000,7800
-0.159709,0.987164,0.000000,0.000000,7814
-0.156133,0.987736,0.000000,0.000000,7828
-0.152535,0.988298,0.000000,0.000000,7842
-0.148915,0.988850,0.000000,0.000000,7856
-0.145273,0.989392,0.000000,0.000000,7870
-0.141608,0.989923,0.000000,0.000000,7884
-0.137921,0.990443,0.000000,0.000000,7898
-0.134212,0.990953,0.000000,0.000000,7912
-0.130480,0.991451,0.000000,0.000000,7926
-0.126725,0.991938,0.000000,0.000000,7940
-0.122949,0.992413,0.000000,0.000000,7954
-0.119149,0.992876,0.000000,0.000000,7968
-0.115327,0.993328,0.000000,0.000000,7982
-0.111483,0.993766,0.000000,0.000000,7996
-0.107616,0.994193,0.000000,0.000000,8010
-0.103726,0.994606,0.000000,0.000000,8024
-0.099813,0.995006,0.000000,0.000000,8038
-0.095878,0.995393,0.000000,0.000000,8052
-0.091920,0.995766,0.000000,0.000000,8066
-0.087939,0.996126,0.000000,0.000000,8080
-0.083936,0.996471,0.000000,0.000000,8093
-0.079910,0.996802,0.000000,0.000000,8106
-0.075861,0.997118,0.000000,0.000000,8119
-0.071790,0.997420,0.000000,0.000000,8132
-0.067695,0.997706,0.000000,0.000000,8145
-0.063579,0.997977,0.000000,0.000000,8158
-0.059439,0.998232,0.000000,0.000000,8171
-0.055277,0.998471,0.000000,0.000000,8184
-0.051092,0.998694,0.000000,0.000000,8197
-0.046885,0.998900,0.000000,0.000000,8210
-0.042655,0.999090,0.000000,0.000000,8223
-0.038403,0.999262,0.000000,0.000000,8236
-0.034129,0.999417,0.000000,0.000000,8249
-0.029832,0.999555,0.000000,0.000000,8262
-0.025513,0.999674,0.000000,0.000000,8275
-0.021171,0.999776,0.000000,0.000000,8288
-0.016808,0.999859,0.000000,0.000000,8301
-0.012422,0.999923,0.000000,0.000000,8314
-0.008015,0.999968,0.000000,0.000000,8327
-0.003586,0.999994,0.000000,0.000000,8340
0.000865,1.000000,0.000000,0.000000,8353
0.005338,0.999986,0.000000,0.000000,8366
0.009832,0.999952,0.000000,0.000000,8379
0.014348,0.999897,0.000000,0.000000,8392
0.018885,0.999822,0.000000,0.000000,8405
0.023443,0.999725,0.000000,0.000000,8418
0.028022,0.999607,0.000000,0.000000,8431
0.032623,0.999468,0.000000,0.000000,8444
0.037243,0.999306,0.000000,0.000000,8457
0.041885,0.999122,0.000000,0.000000,8470
0.046547,0.998916,0.000000,0.000000,8482
0.051229,0.998687,0.000000,0.000000,8494
0.055931,0.998435,0.000000,0.000000,8506
0.060653,0.998159,0.000000,0.000000,8518
0.065395,0.997859,0.000000,0.000000,8530
0.070156,0.997536,0.000000,0.000000,8542
0.074936,0.997188,0.000000,0.000000,8554
0.079736,0.996816,0.000000,0.000000,8566
0.084554,0.996419,0.000000,0.000000,8578
0.089391,0.995997,0.000000,0.000000,8590
0.094246,0.995549,0.000000,0.000000,8602
0.099120,0.995076,0.000000,0.000000,8614
0.104011,0.994576,0.000000,0.000000,8626
0.108920,0.994051,0.000000,0.000000,8638
0.113846,0.993498,0.000000,0.000000,8650
0.118790,0.992919,0.000000,0.000000,8662
0.123750,0.992313,0.000000,0.000000,8674
0.128726,0.991680,0.000000,0.000000,8686
0.133719,0.991019,0.000000,0.000000,8698
0.139982,0.990154,0.000000,0.000000,8716
0.147530,0.989058,0.000000,0.000000,8734
0.155112,0.987897,0.000000,0.000000,8752
0.162726,0.986671,0.000000,0.000000,8770
0.170372,0.985380,0.000000,0.000000,8788
0.178048,0.984022,0.000000,0.000000,8806
0.185753,0.982596,0.000000,0.000000,8824
0.193486,0.981103,0.000000,0.000000,8842
0.201245,0.979541,0.000000,0.000000,8860
0.209029,0.977909,0.000000,0.000000,8878
0.216837,0.976208,0.000000,0.000000,8896
0.224667,0.974436,0.000000,0.000000,8914
0.232518,0.972592,0.000000,0.000000,8932
0.240388,0.970677,0.000000,0.000000,8950
0.248276,0.968689,0.000000,0.000000,8968
0.256180,0.966629,0.000000,0.000000,8986
0.264098,0.964496,0.000000,0.000000,9003
0.272030,0.962289,0.000000,0.000000,9020
0.279972,0.960008,0.000000,0.000000,9037
0.287925,0.957653,0.000000,0.000000,9054
0.295885,0.955224,0.000000,0.000000,9071
0.303851,0.952720,0.000000,0.000000,9088
0.311822,0.950141,0.000000,0.000000,9105
0.319796,0.947487,0.000000,0.000000,9122
0.327770,0.944758,0.000000,0.000000,9139
0.335743,0.941953,0.000000,0.000000,9156
0.343714,0.939074,0.000000,0.000000,9173
0.351681,0.936120,0.000000,0.000000,9190
0.359641,0.933091,0.000000,0.000000,9207
0.367592,0.929987,0.000000,0.000000,9224
0.375534,0.926809,0.000000,0.000000,9241
0.383464,0.923556,0.000000,0.000000,9258
0.391380,0.920229,0.000000,0.000000,9275
0.399280,0.916829,0.000000,0.000000,9292
0.407163,0.913356,0.000000,0.000000,9309
0.415026,0.909809,0.000000,0.000000,9326
0.422869,0.906191,0.000000,0.000000,9343
0.430688,0.902501,0.000000,0.000000,9360
0.438482,0.898740,0.000000,0.000000,9377
0.446249,0.894909,0.000000,0.000000,9394
0.453988,0.891008,0.000000,0.000000,9411
0.461697,0.887038,0.000000,0.000000,9428
0.469373,0.883000,0.000000,0.000000,9445
0.477016,0.878895,0.000000,0.000000,9462
0.484623,0.874723,0.000000,0.000000,9479
0.492192,0.870487,0.000000,0.000000,9496
0.499723,0.866185,0.000000,0.000000,9513
0.507213,0.861821,0.000000,0.000000,9530
0.514660,0.857394,0.000000,0.000000,9547
0.522064,0.852906,0.000000,0.000000,9564
0.529422,0.848359,0.000000,0.000000,9581
0.536733,0.843752,0.000000,0.000000,9598
0.543996,0.839088,0.000000,0.000000,9615
0.551208,0.834368,0.000000,0.000000,9632
0.558370,0.829592,0.000000,0.000000,9649
0.565478,0.824763,0.000000,0.000000,9666
0.572533,0.819882,0.000000,0.000000,9683
0.579532,0.814950,0.000000,0.000000,9700
0.586474,0.809968,0.000000,0.000000,9717
0.593359,0.804938,0.000000,0.000000,9734
0.600184,0.799862,0.000000,0.000000,9751
0.606950,0.794740,0.000000,0.000000,9768
0.613654,0.789575,0.000000,0.000000,9785
0.620296,0.784368,0.000000,0.000000,9802
0.626875,0.779120,0.000000,0.000000,9819
0.633390,0.773833,0.000000,0.000000,9836
0.639840,0.768508,0.000000,0.000000,9853
0.646224,0.763148,0.000000,0.000000,9870
0.652541,0.757753,0.000000,0.000000,9887
0.658792,0.752325,0.000000,0.000000,9904
0.664974,0.746866,0.000000,0.000000,9921
0.671088,0.741378,0.000000,0.000000,9939
0.677133,0.735861,0.000000,0.000000,9957
0.683108,0.730318,0.000000,0.000000,9975
0.689012,0.724749,0.000000,0.000000,9993
0.694847,0.719158,0.000000,0.000000,10011
0.700610,0.713544,0.000000,0.000000,10029
0.706302,0.707910,0.000000,0.000000,10047
0.711923,0.702258,0.000000,0.000000,10065
0.717472,0.696588,0.000000,0.000000,10083
0.722948,0.690902,0.000000,0.000000,10101
0.728353,0.685202,0.000000,0.000000,10119
0.733685,0.679489,0.000000,0.000000,10137
0.738945,0.673765,0.000000,0.000000,10155
0.744133,0.668032,0.000000,0.000000,10173
0.749248,0.662289,0.000000,0.000000,10191
0.754291,0.656540,0.000000,0.000000,10209
0.759262,0.650785,0.000000,0.000000,10227
0.763349,0.645986,0.000000,0.000000,10239
0.766583,0.642145,0.000000,0.000000,10251
0.769785,0.638303,0.000000,0.000000,10263
0.772955,0.634461,0.000000,0.000000,10275
0.776093,0.630618,0.000000,0.000000,10287
0.779200,0.626775,0.000000,0.000000,10299
0.782275,0.622933,0.000000,0.000000,10311
0.785318,0.619092,0.000000,0.000000,10323
0.788330,0.615252,0.000000,0.000000,10335
0.791311,0.611414,0.000000,0.000000,10347
0.794261,0.607577,0.000000,0.000000,10359
0.797179,0.603743,0.000000,0.000000,10371
0.800066,0.599912,0.000000,0.000000,10383
0.802923,0.596083,0.000000,0.000000,10395
0.805748,0.592258,0.000000,0.000000,10407
0.808543,0.588437,0.000000,0.000000,10419
0.811308,0.584619,0.000000,0.000000,10431
0.814042,0.580806,0.000000,0.000000,10443
0.816746,0.576997,0.000000,0.000000,10456
0.819420,0.573193,0.000000,0.000000,10469
0.822064,0.569395,0.000000,0.000000,10482
0.824679,0.565601,0.000000,0.000000,10495
0.827264,0.561814,0.000000,0.000000,10508
0.829819,0.558033,0.000000,0.000000,10521
0.832345,0.554258,0.000000,0.000000,10534
0.834842,0.550489,0.000000,0.000000,10547
0.837311,0.546728,0.000000,0.000000,10560
0.839750,0.542973,0.000000,0.000000,10573
0.842161,0.539226,0.000000,0.000000,10586
0.844544,0.535487,0.000000,0.000000,10599
0.846898,0.531755,0.000000,0.000000,10612
0.849225,0.528031,0.000000,0.000000,10625
0.851524,0.524316,0.000000,0.000000,10638
0.853795,0.520609,0.000000,0.000000,10651
0.856039,0.516911,0.000000,0.000000,10664
0.858256,0.513222,0.000000,0.000000,10677
0.860445,0.509543,0.000000,0.000000,10690
0.862608,0.505872,0.000000,0.000000,10703
0.864745,0.502211,0.000000,0.000000,10716
0.866855,0.498560,0.000000,0.000000,10729
0.868939,0.494919,0.000000,0.000000,10742
0.870997,0.491288,0.000000,0.000000,10755
0.873029,0.487668,0.000000,0.000000,10768
0.875036,0.484058,0.000000,0.000000,10781
0.877018,0.480458,0.000000,0.000000,10794
0.878974,0.476870,0.000000,0.000000,10807
0.880906,0.473292,0.000000,0.000000,10820
0.882813,0.469726,0.000000,0.000000,10833
0.884695,0.466170,0.000000,0.000000,10847
0.886553,0.462626,0.000000,0.000000,10861
0.888388,0.459094,0.000000,0.000000,10875
0.890198,0.455574,0.000000,0.000000,10889
0.891985,0.452065,0.000000,0.000000,10903
0.893749,0.448568,0.000000,0.000000,10917
0.895489,0.445083,0.000000,0.000000,10931
0.897207,0.441611,0.000000,0.000000,10945
0.898902,0.438151,0.000000,0.000000,10959
0.900574,0.434703,0.000000,0.000000,10973
0.902224,0.431267,0.000000,0.000000,10987
0.903852,0.427845,0.000000,0.000000,11001
0.905459,0.424435,0.000000,0.000000,11015
0.907043,0.421037,0.000000,0.000000,11029
0.908607,0.417653,0.000000,0.000000,11043
0.910149,0.414282,0.000000,0.000000,11057
0.911670,0.410923,0.000000,0.000000,11071
0.913170,0.407578,0.000000,0.000000,11085
0.914650,0.404246,0.000000,0.000000,11099
0.916110,0.400927,0.000000,0.000000,11113
0.917550,0.397621,0.000000,0.000000,11127
0.918969,0.394329,0.000000,0.000000,11141
0.920369,0.391050,0.000000,0.000000,11155
0.921750,0.387785,0.000000,0.000000,11169
0.923111,0.384533,0.000000,0.000000,11183
0.924454,0.381295,0.000000,0.000000,11198
0.925777,0.378070,0.000000,0.000000,11213
0.927082,0.374859,0.000000,0.000000,11228
0.928368,0.371662,0.000000,0.000000,11243
0.929636,0.368478,0.000000,0.000000,11258
0.930886,0.365309,0.000000,0.000000,11273
0.932119,0.362153,0.000000,0.000000,11288
0.933333,0.359011,0.000000,0.000000,11303
0.934531,0.355882,0.000000,0.000000,11318
0.935711,0.352768,0.000000,0.000000,11333
0.936874,0.349667,0.000000,0.000000,11348
0.938020,0.346581,0.000000,0.000000,11363
0.939150,0.343508,0.000000,0.000000,11378
0.940263,0.340449,0.000000,0.000000,11393
0.941360,0.337404,0.000000,0.000000,11408
0.942441,0.334373,0.000000,0.000000,11423
0.943506,0.331356,0.000000,0.000000,11438
0.944555,0.328353,0.000000,0.000000,11453
0.945589,0.325364,0.000000,0.000000,11468
0.946607,0.322389,0.000000,0.000000,11483
0.947611,0.319428,0.000000,0.000000,11498
0.948599,0.316481,0.000000,0.000000,11513
0.949573,0.313547,0.000000,0.000000,11528
0.950532,0.310628,0.000000,0.000000,11544
0.951476,0.307722,0.000000,0.000000,11560
0.952407,0.304830,0.000000,0.000000,11576
0.953323,0.301953,0.000000,0.000000,11592
0.954225,0.299089,0.000000,0.000000,11608
0.955114,0.296239,0.000000,0.000000,11624
0.955989,0.293402,0.000000,0.000000,11640
0.956851,0.290580,0.000000,0.000000,11656
0.957699,0.287771,0.000000,0.000000,11672
0.958535,0.284976,0.000000,0.000000,11688
0.959357,0.282195,0.000000,0.000000,11704
0.960167,0.279427,0.000000,0.000000,11720
0.960964,0.276673,0.000000,0.000000,11736
0.961749,0.273933,0.000000,0.000000,11752
0.962521,0.271206,0.000000,0.000000,11768
0.963282,0.268493,0.000000,0.000000,11784
0.964030,0.265793,0.000000,0.000000,11800
0.964767,0.263107,0.000000,0.000000,11816
0.965492,0.260434,0.000000,0.000000,11832
0.966205,0.257775,0.000000,0.000000,11848
0.966907,0.255129,0.000000,0.000000,11864
0.967598,0.252497,0.000000,0.000000,11881
0.968278,0.249877,0.000000,0.000000,11898
0.968946,0.247271,0.000000,0.000000,11915
0.969604,0.244678,0.000000,0.000000,11932
0.970252,0.242099,0.000000,0.000000,11949
0.970888,0.239532,0.000000,0.000000,11966
0.971515,0.236979,0.000000,0.000000,11983
0.972131,0.234439,0.000000,0.000000,12000
0.972737,0.231911,0.000000,0.000000,12017
0.973333,0.229397,0.000000,0.000000,12034
0.973919,0.226895,0.000000,0.000000,12051
0.974496,0.224406,0.000000,0.000000,12068
0.975062,0.221931,0.000000,0.000000,12085
0.975620,0.219467,0.000000,0.000000,12102
0.976168,0.217017,0.000000,0.000000,12119
0.976707,0.214579,0.000000,0.000000,12136
0.977236,0.212154,0.000000,0.000000,12153
0.977757,0.209741,0.000000,0.000000,12170
0.978269,0.207341,0.000000,0.000000,12187
0.978772,0.204953,0.000000,0.000000,12205
0.979266,0.202578,0.000000,0.000000,12223
0.979752,0.200215,0.000000,0.000000,12241
0.980229,0.197864,0.000000,0.000000,12259
0.980699,0.195526,0.000000,0.000000,12277
0.981159,0.193200,0.000000,0.000000,12295
0.981612,0.190885,0.000000,0.000000,12313
0.982057,0.188583,0.000000,0.000000,12331
0.982494,0.186293,0.000000,0.000000,12349
0.982923,0.184015,0.000000,0.000000,12367
0.983345,0.181748,0.000000,0.000000,12385
0.983759,0.179494,0.000000,0.000000,12403
0.984166,0.177251,0.000000,0.000000,12421
0.984565,0.175020,0.000000,0.000000,12439
0.984957,0.172801,0.000000,0.000000,12457
0.985342,0.170593,0.000000,0.000000,12475
0.985719,0.168397,0.000000,0.000000,12493
0.986090,0.166212,0.000000,0.000000,12511
0.986454,0.164039,0.000000,0.000000,12529
0.986811,0.161877,0.000000,0.000000,12547
0.987161,0.159727,0.000000,0.000000,12566
0.987505,0.157588,0.000000,0.000000,12585
0.987842,0.155460,0.000000,0.000000,12604
0.988173,0.153343,0.000000,0.000000,12623
0.988498,0.151237,0.000000,0.000000,12642
0.988816,0.149142,0.000000,0.000000,12661
0.989128,0.147058,0.000000,0.000000,12680
0.989434,0.144985,0.000000,0.000000,12699
0.989734,0.142923,0.000000,0.000000,12718
0.990028,0.140872,0.000000,0.000000,12737
0.990316,0.138831,0.000000,0.000000,12756
0.990598,0.136802,0.000000,0.000000,12775
0.990875,0.134782,0.000000,0.000000,12794
0.991146,0.132774,0.000000,0.000000,12813
0.991412,0.130776,0.000000,0.000000,12832
0.991672,0.128788,0.000000,0.000000,12851
0.991927,0.126811,0.000000,0.000000,12870
0.992176,0.124844,0.000000,0.000000,12889
0.992421,0.122887,0.000000,0.000000,12909
0.992660,0.120940,0.000000,0.000000,12929
0.992894,0.119004,0.000000,0.000000,12949
0.993123,0.117078,0.000000,0.000000,12969
0.993347,0.115162,0.000000,0.000000,12989
0.993566,0.113256,0.000000,0.000000,13009
0.993780,0.111359,0.000000,0.000000,13029
0.993990,0.109473,0.000000,0.000000,13049
0.994195,0.107596,0.000000,0.000000,13069
0.994395,0.105730,0.000000,0.000000,13089
0.994591,0.103872,0.000000,0.000000,13109
0.994782,0.102025,0.000000,0.000000,13129
0.994969,0.100187,0.000000,0.000000,13149
0.995151,0.098359,0.000000,0.000000,13169
0.995329,0.096540,0.000000,0.000000,13189
0.995503,0.094731,0.000000,0.000000,13209
0.995673,0.092931,0.000000,0.000000,13229
0.995838,0.091140,0.000000,0.000000,13249
0.996000,0.089359,0.000000,0.000000,13270
0.996157,0.087586,0.000000,0.000000,13291
0.996310,0.085823,0.000000,0.000000,13312
0.996460,0.084069,0.000000,0.000000,13333
0.996606,0.082324,0.000000,0.000000,13354
0.996747,0.080589,0.000000,0.000000,13375
0.996886,0.078862,0.000000,0.000000,13396
0.997020,0.077143,0.000000,0.000000,13417
0.997151,0.075434,0.000000,0.000000,13438
0.997278,0.073734,0.000000,0.000000,13459
0.997402,0.072042,0.000000,0.000000,13480
0.997522,0.070359,0.000000,0.000000,13501
0.997638,0.068684,0.000000,0.000000,13522
0.997752,0.067018,0.000000,0.000000,13543
0.997862,0.065361,0.000000,0.000000,13564
0.997968,0.063712,0.000000,0.000000,13585
0.998072,0.062072,0.000000,0.000000,13606
0.998172,0.060439,0.000000,0.000000,13627
0.998269,0.058816,0.000000,0.000000,13649
0.998363,0.057200,0.000000,0.000000,13671
0.998454,0.055593,0.000000,0.000000,13693
0.998541,0.053994,0.000000,0.000000,13715
0.998626,0.052402,0.000000,0.000000,13737
0.998708,0.050819,0.000000,0.000000,13759
0.998787,0.049244,0.000000,0.000000,13781
0.998863,0.047677,0.000000,0.000000,13803
0.998936,0.046118,0.000000,0.000000,13825
0.999006,0.044567,0.000000,0.000000,13847
0.999074,0.043024,0.000000,0.000000,13869
0.999139,0.041488,0.000000,0.000000,13891
0.999201,0.039960,0.000000,0.000000,13913
0.999261,0.038440,0.000000,0.000000,13935
0.999318,0.036927,0.000000,0.000000,13957
0.999372,0.035422,0.000000,0.000000,13979
0.999424,0.033924,0.000000,0.000000,14001
0.999474,0.032434,0.000000,0.000000,14024
0.999521,0.030952,0.000000,0.000000,14047
0.999565,0.029477,0.000000,0.000000,14070
0.999608,0.028009,0.000000,0.000000,14093
0.999648,0.026548,0.000000,0.000000,14116
0.999685,0.025095,0.000000,0.000000,14139
0.999720,0.023649,0.000000,0.000000,14162
0.999753,0.022210,0.000000,0.000000,14185
0.999784,0.020778,0.000000,0.000000,14208
0.999813,0.019354,0.000000,0.000000,14231
0.999839,0.017936,0.000000,0.000000,14254
0.999863,0.016525,0.000000,0.000000,14277
0.999886,0.015122,0.000000,0.000000,14300
0.999906,0.013725,0.000000,0.000000,14323
0.999924,0.012335,0.000000,0.000000,14346
0.999940,0.010952,0.000000,0.000000,14369
0.999954,0.009575,0.000000,0.000000,14392
0.999966,0.008206,0.000000,0.000000,14416
0.999977,0.006843,0.000000,0.000000,14440
0.999985,0.005487,0.000000,0.000000,14464
0.999991,0.004137,0.000000,0.000000,14488
0.999996,0.002794,0.000000,0.000000,14512
0.999999,0.001458,0.000000,0.000000,14536
1.000000,0.000128,0.000000,0.000000,14560
0.999999,-0.001196,0.000000,0.000000,14584
0.999997,-0.002513,0.000000,0.000000,14608
0.999993,-0.003824,0.000000,0.000000,14632
0.999987,-0.005128,0.000000,0.000000,14656
0.999979,-0.006426,0.000000,0.000000,14680
0.999970,-0.007718,0.000000,0.000000,14704
0.999959,-0.009004,0.000000,0.000000,14728
0.999947,-0.010283,0.000000,0.000000,14752
0.999933,-0.011557,0.000000,0.000000,14776
0.999918,-0.012824,0.000000,0.000000,14800
0.999905,-0.013771,0.000000,0.000000,14812
0.999896,-0.014400,0.000000,0.000000,14824
0.999887,-0.015027,0.000000,0.000000,14836
0.999877,-0.015653,0.000000,0.000000,14848
0.999868,-0.016278,0.000000,0.000000,14860
0.999857,-0.016901,0.000000,0.000000,14872
0.999846,-0.017523,0.000000,0.000000,14884
0.999835,-0.018143,0.000000,0.000000,14896
0.999824,-0.018761,0.000000,0.000000,14908
0.999812,-0.019379,0.000000,0.000000,14920
0.999800,-0.019994,0.000000,0.000000,14932
0.999788,-0.020608,0.000000,0.000000,14944
0.999775,-0.021221,0.000000,0.000000,14956
0.999762,-0.021833,0.000000,0.000000,14968
0.999748,-0.022442,0.000000,0.000000,14980
0.999734,-0.023051,0.000000,0.000000,14992
0.999720,-0.023658,0.000000,0.000000,15004
0.999706,-0.024263,0.000000,0.000000,15016
0.999691,-0.024868,0.000000,0.000000,15028
0.999676,-0.025470,0.000000,0.000000,15040
0.176003,0.984390,0.000000,0.000000,15053
0.175469,0.984485,0.000000,0.000000,15066
0.174934,0.984580,0.000000,0.000000,15079
0.174398,0.984675,0.000000,0.000000,15092
0.173861,0.984770,0.000000,0.000000,15105
0.173323,0.984865,0.000000,0.000000,15118
0.172783,0.984960,0.000000,0.000000,15131
0.172243,0.985055,0.000000,0.000000,15144
0.171701,0.985149,0.000000,0.000000,15157
0.171159,0.985243,0.000000,0.000000,15170
0.170615,0.985338,0.000000,0.000000,15183
0.170070,0.985432,0.000000,0.000000,15196
0.169524,0.985526,0.000000,0.000000,15209
0.168976,0.985620,0.000000,0.000000,15222
0.168428,0.985714,0.000000,0.000000,15235
0.167878,0.985808,0.000000,0.000000,15248
0.167328,0.985901,0.000000,0.000000,15261
0.166776,0.985995,0.000000,0.000000,15274
0.166223,0.986088,0.000000,0.000000,15287
0.165669,0.986181,0.000000,0.000000,15300
0.165114,0.986275,0.000000,0.000000,15313
0.164557,0.986368,0.000000,0.000000,15326
0.164000,0.986460,0.000000,0.000000,15339
0.163441,0.986553,0.000000,0.000000,15352
0.162881,0.986646,0.000000,0.000000,15365
0.162320,0.986738,0.000000,0.000000,15377
0.161758,0.986830,0.000000,0.000000,15389
0.161195,0.986923,0.000000,0.000000,15401
0.160630,0.987015,0.000000,0.000000,15413
0.160064,0.987107,0.000000,0.000000,15425
0.159497,0.987198,0.000000,0.000000,15437
0.158929,0.987290,0.000000,0.000000,15449
0.158360,0.987381,0.000000,0.000000,15461
0.157789,0.987473,0.000000,0.000000,15473
0.157218,0.987564,0.000000,0.000000,15485
0.156645,0.987655,0.000000,0.000000,15497
0.156071,0.987746,0.000000,0.000000,15509
0.155496,0.987837,0.000000,0.000000,15521
0.154919,0.987927,0.000000,0.000000,15533
0.154341,0.988018,0.000000,0.000000,15545
0.153762,0.988108,0.000000,0.000000,15557
0.153182,0.988198,0.000000,0.000000,15569
0.152601,0.988288,0.000000,0.000000,15581
0.152018,0.988378,0.000000,0.000000,15593
0.151435,0.988467,0.000000,0.000000,15605
0.150850,0.988557,0.000000,0.000000,15617
0.150263,0.988646,0.000000,0.000000,15629
0.149676,0.988735,0.000000,0.000000,15641
0.149087,0.988824,0.000000,0.000000,15653
0.148497,0.988913,0.000000,0.000000,15665
0.147906,0.989001,0.000000,0.000000,15677
0.147313,0.989090,0.000000,0.000000,15689
0.146720,0.989178,0.000000,0.000000,15701
0.146125,0.989266,0.000000,0.000000,15713
0.145528,0.989354,0.000000,0.000000,15725
0.144931,0.989442,0.000000,0.000000,15737
0.144332,0.989529,0.000000,0.000000,15749
0.143732,0.989617,0.000000,0.000000,15761
0.143131,0.989704,0.000000,0.000000,15773
0.142528,0.989791,0.000000,0.000000,15785
0.141924,0.989878,0.000000,0.000000,15797
0.141319,0.989964,0.000000,0.000000,15809
0.140713,0.990050,0.000000,0.000000,15821
0.140105,0.990137,0.000000,0.000000,15833
0.139343,0.990244,0.000000,0.000000,15851
0.138427,0.990373,0.000000,0.000000,15869
0.137508,0.990501,0.000000,0.000000,15887
0.136585,0.990628,0.000000,0.000000,15905
0.135660,0.990755,0.000000,0.000000,15923
0.134732,0.990882,0.000000,0.000000,15941
0.133800,0.991008,0.000000,0.000000,15959
0.132866,0.991134,0.000000,0.000000,15977
0.131929,0.991259,0.000000,0.000000,15995
0.130989,0.991384,0.000000,0.000000,16013
0.130045,0.991508,0.000000,0.000000,16031
0.129099,0.991632,0.000000,0.000000,16049
0.128150,0.991755,0.000000,0.000000,16067
0.127197,0.991877,0.000000,0.000000,16085
0.126242,0.992000,0.000000,0.000000,16103
0.125283,0.992121,0.000000,0.000000,16121
0.124322,0.992242,0.000000,0.000000,16139
0.123357,0.992362,0.000000,0.000000,16157
0.122389,0.992482,0.000000,0.000000,16175
0.121418,0.992601,0.000000,0.000000,16193
0.120444,0.992720,0.000000,0.000000,16211
0.119466,0.992838,0.000000,0.000000,16229
0.118486,0.992956,0.000000,0.000000,16247
0.117502,0.993073,0.000000,0.000000,16265
0.116515,0.993189,0.000000,0.000000,16283
0.115525,0.993305,0.000000,0.000000,16301
0.114531,0.993420,0.000000,0.000000,16318
0.113535,0.993534,0.000000,0.000000,16335
0.112535,0.993648,0.000000,0.000000,16352
0.111532,0.993761,0.000000,0.000000,16369
0.110525,0.993873,0.000000,0.000000,16386
0.109516,0.993985,0.000000,0.000000,16403
0.108503,0.994096,0.000000,0.000000,16420
0.107486,0.994207,0.000000,0.000000,16437
0.106467,0.994316,0.000000,0.000000,16454
0.105444,0.994425,0.000000,0.000000,16471
0.104418,0.994534,0.000000,0.000000,16488
0.103388,0.994641,0.000000,0.000000,16505
0.102355,0.994748,0.000000,0.000000,16522
0.101318,0.994854,0.000000,0.000000,16539
0.100278,0.994959,0.000000,0.000000,16556
0.099235,0.995064,0.000000,0.000000,16573
0.098189,0.995168,0.000000,0.000000,16590
0.097138,0.995271,0.000000,0.000000,16607
0.096085,0.995373,0.000000,0.000000,16624
0.095028,0.995475,0.000000,0.000000,16641
0.093967,0.995575,0.000000,0.000000,16658
0.092903,0.995675,0.000000,0.000000,16675
0.091835,0.995774,0.000000,0.000000,16692
0.090764,0.995872,0.000000,0.000000,16709
0.089690,0.995970,0.000000,0.000000,16726
0.088611,0.996066,0.000000,0.000000,16743
0.087530,0.996162,0.000000,0.000000,16760
0.086444,0.996257,0.000000,0.000000,16777
0.085355,0.996351,0.000000,0.000000,16794
0.084263,0.996444,0.000000,0.000000,16811
0.083166,0.996536,0.000000,0.000000,16828
0.082067,0.996627,0.000000,0.000000,16845
0.080963,0.996717,0.000000,0.000000,16862
0.079856,0.996806,0.000000,0.000000,16879
0.078745,0.996895,0.000000,0.000000,16896
0.077630,0.996982,0.000000,0.000000,16913
0.076512,0.997069,0.000000,0.000000,16929
0.075390,0.997154,0.000000,0.000000,16945
0.074264,0.997239,0.000000,0.000000,16961
0.073135,0.997322,0.000000,0.000000,16977
0.072002,0.997405,0.000000,0.000000,16993
0.070865,0.997486,0.000000,0.000000,17009
0.069724,0.997566,0.000000,0.000000,17025
0.068579,0.997646,0.000000,0.000000,17041
0.067431,0.997724,0.000000,0.000000,17057
0.066278,0.997801,0.000000,0.000000,17073
0.065122,0.997877,0.000000,0.000000,17089
0.063962,0.997952,0.000000,0.000000,17105
0.062798,0.998026,0.000000,0.000000,17121
0.061630,0.998099,0.000000,0.000000,17137
0.060459,0.998171,0.000000,0.000000,17153
0.059283,0.998241,0.000000,0.000000,17169
0.058103,0.998311,0.000000,0.000000,17185
0.056920,0.998379,0.000000,0.000000,17201
0.055732,0.998446,0.000000,0.000000,17217
0.054541,0.998512,0.000000,0.000000,17233
0.053345,0.998576,0.000000,0.000000,17249
0.052145,0.998640,0.000000,0.000000,17265
0.050942,0.998702,0.000000,0.000000,17281
0.049734,0.998762,0.000000,0.000000,17297
0.048522,0.998822,0.000000,0.000000,17313
0.047307,0.998880,0.000000,0.000000,17329
0.046087,0.998937,0.000000,0.000000,17345
0.044863,0.998993,0.000000,0.000000,17361
0.043635,0.999048,0.000000,0.000000,17377
0.042402,0.999101,0.000000,0.000000,17393
0.041166,0.999152,0.000000,0.000000,17409
0.039925,0.999203,0.000000,0.000000,17425
0.038680,0.999252,0.000000,0.000000,17441
0.037431,0.999299,0.000000,0.000000,17457
0.036178,0.999345,0.000000,0.000000,17473
0.034921,0.999390,0.000000,0.000000,17489
0.033659,0.999433,0.000000,0.000000,17505
0.032393,0.999475,0.000000,0.000000,17520
0.031123,0.999516,0.000000,0.000000,17535
0.029848,0.999554,0.000000,0.000000,17550
0.028569,0.999592,0.000000,0.000000,17565
0.027286,0.999628,0.000000,0.000000,17580
0.025999,0.999662,0.000000,0.000000,17595
0.024707,0.999695,0.000000,0.000000,17610
0.023411,0.999726,0.000000,0.000000,17625
0.022110,0.999756,0.000000,0.000000,17640
0.020805,0.999784,0.000000,0.000000,17655
0.019495,0.999810,0.000000,0.000000,17670
0.018181,0.999835,0.000000,0.000000,17685
0.016863,0.999858,0.000000,0.000000,17700
0.015540,0.999879,0.000000,0.000000,17715
0.014213,0.999899,0.000000,0.000000,17730
0.012881,0.999917,0.000000,0.000000,17745
0.011545,0.999933,0.000000,0.000000,17760
0.010204,0.999948,0.000000,0.000000,17775
0.008858,0.999961,0.000000,0.000000,17790
0.007508,0.999972,0.000000,0.000000,17805
0.006154,0.999981,0.000000,0.000000,17820
0.004795,0.999989,0.000000,0.000000,17835
0.003431,0.999994,0.000000,0.000000,17850
0.002063,0.999998,0.000000,0.000000,17865
0.000690,1.000000,0.000000,0.000000,17880
-0.000688,1.000000,0.000000,0.000000,17895
-0.002070,0.999998,0.000000,0.000000,17910
-0.003458,0.999994,0.000000,0.000000,17925
-0.004849,0.999988,0.000000,0.000000,17940
-0.006246,0.999980,0.000000,0.000000,17955
-0.007647,0.999971,0.000000,0.000000,17970
-0.009053,0.999959,0.000000,0.000000,17985
-0.010464,0.999945,0.000000,0.000000,18000
-0.011879,0.999929,0.000000,0.000000,18015
-0.013300,0.999912,0.000000,0.000000,18030
-0.014725,0.999892,0.000000,0.000000,18045
-0.016155,0.999870,0.000000,0.000000,18060
-0.017590,0.999845,0.000000,0.000000,18075
-0.019029,0.999819,0.000000,0.000000,18089
-0.020474,0.999790,0.000000,0.000000,18103
-0.021923,0.999760,0.000000,0.000000,18117
-0.023378,0.999727,0.000000,0.000000,18131
-0.024837,0.999692,0.000000,0.000000,18145
-0.026301,0.999654,0.000000,0.000000,18159
-0.027770,0.999614,0.000000,0.000000,18173
-0.029245,0.999572,0.000000,0.000000,18187
-0.030724,0.999528,0.000000,0.000000,18201
-0.032208,0.999481,0.000000,0.000000,18215
-0.033697,0.999432,0.000000,0.000000,18229
-0.035191,0.999381,0.000000,0.000000,18243
-0.036691,0.999327,0.000000,0.000000,18257
-0.038195,0.999270,0.000000,0.000000,18271
-0.039704,0.999211,0.000000,0.000000,18285
-0.041219,0.999150,0.000000,0.000000,18299
-0.042739,0.999086,0.000000,0.000000,18313
-0.044263,0.999020,0.000000,0.000000,18327
-0.045793,0.998951,0.000000,0.000000,18341
-0.047328,0.998879,0.000000,0.000000,18355
-0.048869,0.998805,0.000000,0.000000,18369
-0.050414,0.998728,0.000000,0.000000,18383
-0.051965,0.998649,0.000000,0.000000,18397
-0.053521,0.998567,0.000000,0.000000,18411
-0.055082,0.998482,0.000000,0.000000,18425
-0.056648,0.998394,0.000000,0.000000,18439
-0.058220,0.998304,0.000000,0.000000,18453
-0.059797,0.998211,0.000000,0.000000,18467
-0.061379,0.998115,0.000000,0.000000,18481
-0.062966,0.998016,0.000000,0.000000,18495
-0.064559,0.997914,0.000000,0.000000,18509
-0.066157,0.997809,0.000000,0.000000,18523
-0.067761,0.997702,0.000000,0.000000,18537
-0.069370,0.997591,0.000000,0.000000,18551
-0.070984,0.997477,0.000000,0.000000,18565
-0.072604,0.997361,0.000000,0.000000,18579
-0.074229,0.997241,0.000000,0.000000,18593
-0.075859,0.997119,0.000000,0.000000,18607
-0.077495,0.996993,0.000000,0.000000,18621
-0.079137,0.996864,0.000000,0.000000,18635
-0.080784,0.996732,0.000000,0.000000,18649
-0.082436,0.996596,0.000000,0.000000,18662
-0.084094,0.996458,0.000000,0.000000,18675
-0.085757,0.996316,0.000000,0.000000,18688
-0.087426,0.996171,0.000000,0.000000,18701
-0.089100,0.996023,0.000000,0.000000,18714
-0.090780,0.995871,0.000000,0.000000,18727
-0.092466,0.995716,0.000000,0.000000,18740
-0.094157,0.995557,0.000000,0.000000,18753
-0.095854,0.995395,0.000000,0.000000,18766
-0.097556,0.995230,0.000000,0.000000,18779
-0.099264,0.995061,0.000000,0.000000,18792
-0.100977,0.994889,0.000000,0.000000,18805
-0.102696,0.994713,0.000000,0.000000,18818
-0.104421,0.994533,0.000000,0.000000,18831
-0.106152,0.994350,0.000000,0.000000,18844
-0.107888,0.994163,0.000000,0.000000,18857
-0.109630,0.993973,0.000000,0.000000,18870
-0.111377,0.993778,0.000000,0.000000,18883
-0.113130,0.993580,0.000000,0.000000,18896
-0.114889,0.993378,0.000000,0.000000,18909
-0.116654,0.993173,0.000000,0.000000,18922
-0.118424,0.992963,0.000000,0.000000,18935
-0.120201,0.992750,0.000000,0.000000,18948
-0.121983,0.992532,0.000000,0.000000,18961
-0.123770,0.992311,0.000000,0.000000,18974
-0.125564,0.992086,0.000000,0.000000,18987
-0.127363,0.991856,0.000000,0.000000,19000
-0.129168,0.991623,0.000000,0.000000,19013
-0.130979,0.991385,0.000000,0.000000,19026
-0.132796,0.991143,0.000000,0.000000,19039
-0.134618,0.990898,0.000000,0.000000,19052
-0.136447,0.990647,0.000000,0.000000,19065
-0.138281,0.990393,0.000000,0.000000,19078
-0.140121,0.990134,0.000000,0.000000,19091
-0.141967,0.989871,0.000000,0.000000,19104
-0.143819,0.989604,0.000000,0.000000,19117
-0.145677,0.989332,0.000000,0.000000,19130
-0.147540,0.989056,0.000000,0.000000,19143
-0.149410,0.988775,0.000000,0.000000,19156
-0.151286,0.988490,0.000000,0.000000,19169
-0.153167,0.988200,0.000000,0.000000,19182
-0.155054,0.987906,0.000000,0.000000,19195
-0.156948,0.987607,0.000000,0.000000,19207
-0.158847,0.987303,0.000000,0.000000,19219
-0.160752,0.986995,0.000000,0.000000,19231
-0.162663,0.986682,0.000000,0.000000,19243
-0.164580,0.986364,0.000000,0.000000,19255
-0.166503,0.986041,0.000000,0.000000,19267
-0.168432,0.985713,0.000000,0.000000,19279
-0.170367,0.985381,0.000000,0.000000,19291
-0.172308,0.985043,0.000000,0.000000,19303
-0.174255,0.984701,0.000000,0.000000,19315
-0.176208,0.984353,0.000000,0.000000,19327
-0.178167,0.984000,0.000000,0.000000,19339
-0.180132,0.983642,0.000000,0.000000,19351
-0.182103,0.983279,0.000000,0.000000,19363
-0.184080,0.982911,0.000000,0.000000,19375
-0.186063,0.982538,0.000000,0.000000,19387
-0.188052,0.982159,0.000000,0.000000,19399
-0.190047,0.981775,0.000000,0.000000,19411
-0.192048,0.981386,0.000000,0.000000,19423
-0.194055,0.980991,0.000000,0.000000,19435
-0.196068,0.980590,0.000000,0.000000,19447
-0.198087,0.980184,0.000000,0.000000,19459
-0.200112,0.979773,0.000000,0.000000,19471
-0.202482,0.979286,0.000000,0.000000,19487
-0.205201,0.978720,0.000000,0.000000,19503
-0.207931,0.978144,0.000000,0.000000,19519
-0.210671,0.977557,0.000000,0.000000,19535
-0.213422,0.976960,0.000000,0.000000,19551
-0.216184,0.976353,0.000000,0.000000,19567
-0.218956,0.975735,0.000000,0.000000,19583
-0.221739,0.975106,0.000000,0.000000,19599
-0.224533,0.974467,0.000000,0.000000,19615
-0.227337,0.973816,0.000000,0.000000,19631
-0.230152,0.973155,0.000000,0.000000,19647
-0.232978,0.972482,0.000000,0.000000,19663
-0.235814,0.971798,0.000000,0.000000,19679
-0.238661,0.971103,0.000000,0.000000,19695
-0.241518,0.970396,0.000000,0.000000,19711
-0.244386,0.969678,0.000000,0.000000,19727
-0.247265,0.968948,0.000000,0.000000,19743
-0.250154,0.968206,0.000000,0.000000,19759
-0.253054,0.967452,0.000000,0.000000,19775
-0.255964,0.966686,0.000000,0.000000,19790
-0.258885,0.965908,0.000000,0.000000,19805
-0.261816,0.965118,0.000000,0.000000,19820
-0.264757,0.964315,0.000000,0.000000,19835
-0.267709,0.963500,0.000000,0.000000,19850
-0.270671,0.962672,0.000000,0.000000,19865
-0.273644,0.961831,0.000000,0.000000,19880
-0.276627,0.960977,0.000000,0.000000,19895
-0.279620,0.960111,0.000000,0.000000,19910
-0.282623,0.959231,0.000000,0.000000,19925
-0.285636,0.958338,0.000000,0.000000,19940
-0.288660,0.957432,0.000000,0.000000,19955
-0.291694,0.956512,0.000000,0.000000,19970
-0.294737,0.955578,0.000000,0.000000,19985
-0.297791,0.954631,0.000000,0.000000,20000
-0.300855,0.953670,0.000000,0.000000,20015
-0.583463,0.812140,0.000000,0.000000,20028
-0.590281,0.807198,0.000000,0.000000,20041
-0.597094,0.802171,0.000000,0.000000,20054
-0.603900,0.797060,0.000000,0.000000,20067
-0.610698,0.791864,0.000000,0.000000,20080
-0.617484,0.786583,0.000000,0.000000,20093
-0.624258,0.781218,0.000000,0.000000,20106
-0.631017,0.775769,0.000000,0.000000,20119
-0.637760,0.770236,0.000000,0.000000,20132
-0.644483,0.764618,0.000000,0.000000,20145
-0.651187,0.758918,0.000000,0.000000,20158
-0.657867,0.753134,0.000000,0.000000,20171
-0.664523,0.747268,0.000000,0.000000,20184
-0.671153,0.741319,0.000000,0.000000,20197
-0.677753,0.735290,0.000000,0.000000,20210
-0.684323,0.729179,0.000000,0.000000,20223
-0.690860,0.722989,0.000000,0.000000,20236
-0.697362,0.716719,0.000000,0.000000,20249
-0.703827,0.710371,0.000000,0.000000,20262
-0.710253,0.703946,0.000000,0.000000,20275
-0.716639,0.697444,0.000000,0.000000,20288
-0.722981,0.690868,0.000000,0.000000,20301
-0.729279,0.684217,0.000000,0.000000,20314
-0.735529,0.677493,0.000000,0.000000,20327
-0.741731,0.670697,0.000000,0.000000,20340
-0.747882,0.663831,0.000000,0.000000,20353
-0.753981,0.656897,0.000000,0.000000,20366
-0.760025,0.649894,0.000000,0.000000,20379
-0.766012,0.642826,0.000000,0.000000,20392
-0.771942,0.635693,0.000000,0.000000,20405
-0.777811,0.628498,0.000000,0.000000,20418
-0.783619,0.621241,0.000000,0.000000,20431
-0.789364,0.613926,0.000000,0.000000,20444
-0.795044,0.606552,0.000000,0.000000,20457
-0.800657,0.599123,0.000000,0.000000,20470
-0.806202,0.591640,0.000000,0.000000,20483
-0.811678,0.584105,0.000000,0.000000,20496
-0.817083,0.576520,0.000000,0.000000,20509
-0.822416,0.568887,0.000000,0.000000,20522
-0.827675,0.561208,0.000000,0.000000,20535
-0.832859,0.553486,0.000000,0.000000,20548
-0.837967,0.545721,0.000000,0.000000,20561
-0.842998,0.537917,0.000000,0.000000,20574
-0.847950,0.530075,0.000000,0.000000,20587
-0.852824,0.522198,0.000000,0.000000,20600
-0.857617,0.514288,0.000000,0.000000,20613
-0.862330,0.506347,0.000000,0.000000,20626
-0.866960,0.498378,0.000000,0.000000,20639
-0.871508,0.490382,0.000000,0.000000,20652
-0.875972,0.482361,0.000000,0.000000,20665
-0.880353,0.474319,0.000000,0.000000,20678
-0.884650,0.466257,0.000000,0.000000,20691
-0.888861,0.458177,0.000000,0.000000,20704
-0.892987,0.450082,0.000000,0.000000,20717
-0.897028,0.441974,0.000000,0.000000,20730
-0.900983,0.433855,0.000000,0.000000,20743
-0.904851,0.425728,0.000000,0.000000,20756
-0.908634,0.417594,0.000000,0.000000,20769
-0.912330,0.409456,0.000000,0.000000,20782
-0.915940,0.401316,0.000000,0.000000,20795
-0.919464,0.393175,0.000000,0.000000,20808
-0.922901,0.385037,0.000000,0.000000,20821
-0.926253,0.376903,0.000000,0.000000,20834
-0.929518,0.368776,0.000000,0.000000,20847
-0.932699,0.360656,0.000000,0.000000,20860
-0.935794,0.352547,0.000000,0.000000,20873
-0.938805,0.344450,0.000000,0.000000,20886
-0.941731,0.336367,0.000000,0.000000,20899
-0.944574,0.328300,0.000000,0.000000,20912
-0.947333,0.320250,0.000000,0.000000,20925
-0.950010,0.312221,0.000000,0.000000,20938
-0.952604,0.304212,0.000000,0.000000,20951
-0.955118,0.296227,0.000000,0.000000,20964
-0.957550,0.288266,0.000000,0.000000,20977
-0.959903,0.280331,0.000000,0.000000,20990
-0.962177,0.272425,0.000000,0.000000,21003
-0.964373,0.264547,0.000000,0.000000,21017
-0.966491,0.256701,0.000000,0.000000,21031
-0.968533,0.248886,0.000000,0.000000,21045
-0.970499,0.241105,0.000000,0.000000,21059
-0.972390,0.233360,0.000000,0.000000,21073
-0.974208,0.225650,0.000000,0.000000,21087
-0.975954,0.217978,0.000000,0.000000,21101
-0.977627,0.210344,0.000000,0.000000,21115
-0.979230,0.202751,0.000000,0.000000,21129
-0.980764,0.195198,0.000000,0.000000,21143
-0.982229,0.187687,0.000000,0.000000,21157
-0.983627,0.180218,0.000000,0.000000,21171
-0.984958,0.172794,0.000000,0.000000,21185
-0.986224,0.165414,0.000000,0.000000,21199
-0.987426,0.158080,0.000000,0.000000,21213
-0.988566,0.150792,0.000000,0.000000,21227
-0.989643,0.143551,0.000000,0.000000,21241
-0.990660,0.136358,0.000000,0.000000,21255
-0.991617,0.129214,0.000000,0.000000,21269
-0.992516,0.122118,0.000000,0.000000,21283
-0.993357,0.115072,0.000000,0.000000,21298
-0.994143,0.108077,0.000000,0.000000,21313
-0.994873,0.101132,0.000000,0.000000,21328
-0.995550,0.094238,0.000000,0.000000,21343
-0.996174,0.087396,0.000000,0.000000,21358
-0.996746,0.080605,0.000000,0.000000,21373
-0.997268,0.073868,0.000000,0.000000,21388
-0.997741,0.067182,0.000000,0.000000,21403
-0.998165,0.060550,0.000000,0.000000,21418
-0.998543,0.053971,0.000000,0.000000,21433
-0.998874,0.047445,0.000000,0.000000,21448
-0.999160,0.040973,0.000000,0.000000,21463
-0.999403,0.034554,0.000000,0.000000,21478
-0.999603,0.028189,0.000000,0.000000,21493
-0.999761,0.021878,0.000000,0.000000,21508
-0.999878,0.015621,0.000000,0.000000,21524
-0.999956,0.009419,0.000000,0.000000,21540
-0.999995,0.003270,0.000000,0.000000,21556
-0.999996,-0.002825,0.000000,0.000000,21572
-0.999961,-0.008866,0.000000,0.000000,21588
-0.999890,-0.014853,0.000000,0.000000,21604
-0.999784,-0.020786,0.000000,0.000000,21620
-0.999644,-0.026666,0.000000,0.000000,21636
-0.999472,-0.032491,0.000000,0.000000,21652
-0.999268,-0.038264,0.000000,0.000000,21668
-0.999032,-0.043983,0.000000,0.000000,21684
-0.998767,-0.049649,0.000000,0.000000,21700
-0.998472,-0.055262,0.000000,0.000000,21716
-0.998149,-0.060823,0.000000,0.000000,21732
-0.997798,-0.066330,0.000000,0.000000,21749
-0.997420,-0.071786,0.000000,0.000000,21766
-0.997016,-0.077190,0.000000,0.000000,21783
-0.996588,-0.082542,0.000000,0.000000,21800
-0.996134,-0.087842,0.000000,0.000000,21817
-0.995658,-0.093092,0.000000,0.000000,21834
-0.995158,-0.098291,0.000000,0.000000,21851
-0.994636,-0.103439,0.000000,0.000000,21868
-0.994092,-0.108537,0.000000,0.000000,21885
-0.993528,-0.113585,0.000000,0.000000,21902
-0.992944,-0.118583,0.000000,0.000000,21919
-0.992341,-0.123533,0.000000,0.000000,21936
-0.991718,-0.128433,0.000000,0.000000,21954
-0.991078,-0.133285,0.000000,0.000000,21972
-0.990420,-0.138089,0.000000,0.000000,21990
-0.989745,-0.142846,0.000000,0.000000,22008
-0.989054,-0.147555,0.000000,0.000000,22026
-0.988347,-0.152217,0.000000,0.000000,22044
-0.987625,-0.156832,0.000000,0.000000,22062
-0.986889,-0.161401,0.000000,0.000000,22080
-0.986138,-0.165925,0.000000,0.000000,22098
-0.985503,-0.169660,0.000000,0.000000,22110
-0.984988,-0.172625,0.000000,0.000000,22122
-0.984467,-0.175571,0.000000,0.000000,22134
-0.983941,-0.178496,0.000000,0.000000,22146
-0.983409,-0.181403,0.000000,0.000000,22158
-0.982872,-0.184289,0.000000,0.000000,22170
-0.982330,-0.187156,0.000000,0.000000,22182
-0.981783,-0.190004,0.000000,0.000000,22194
-0.981232,-0.192833,0.000000,0.000000,22206
-0.980675,-0.195642,0.000000,0.000000,22218
-0.980114,-0.198433,0.000000,0.000000,22230
-0.979549,-0.201205,0.000000,0.000000,22242
-0.978980,-0.203958,0.000000,0.000000,22255
-0.978406,-0.206693,0.000000,0.000000,22268
-0.977828,-0.209409,0.000000,0.000000,22281
-0.977246,-0.212107,0.000000,0.000000,22294
-0.976661,-0.214787,0.000000,0.000000,22307
-0.976072,-0.217448,0.000000,0.000000,22320
-0.975479,-0.220092,0.000000,0.000000,22333
-0.974883,-0.222718,0.000000,0.000000,22346
-0.974283,-0.225326,0.000000,0.000000,22359
-0.973681,-0.227917,0.000000,0.000000,22372
-0.973075,-0.230490,0.000000,0.000000,22385
-0.972466,-0.233046,0.000000,0.000000,22398
-0.971854,-0.235584,0.000000,0.000000,22411
-0.971239,-0.238106,0.000000,0.000000,22424
-0.970622,-0.240610,0.000000,0.000000,22437
-0.970002,-0.243098,0.000000,0.000000,22450
-0.969379,-0.245569,0.000000,0.000000,22463
-0.968754,-0.248023,0.000000,0.000000,22476
-0.968127,-0.250460,0.000000,0.000000,22489
-0.967497,-0.252882,0.000000,0.000000,22502
-0.966865,-0.255287,0.000000,0.000000,22515
-0.966231,-0.257676,0.000000,0.000000,22528
-0.965595,-0.260049,0.000000,0.000000,22541
-0.964958,-0.262406,0.000000,0.000000,22554
-0.964318,-0.264747,0.000000,0.000000,22567
-0.963676,-0.267073,0.000000,0.000000,22581
-0.963033,-0.269383,0.000000,0.000000,22595
-0.962388,-0.271677,0.000000,0.000000,22609
-0.961742,-0.273956,0.000000,0.000000,22623
-0.961094,-0.276220,0.000000,0.000000,22637
-0.960445,-0.278469,0.000000,0.000000,22651
-0.959795,-0.280703,0.000000,0.000000,22665
-0.959143,-0.282922,0.000000,0.000000,22679
-0.958490,-0.285126,0.000000,0.000000,22693
-0.957836,-0.287315,0.000000,0.000000,22707
-0.957181,-0.289490,0.000000,0.000000,22721
-0.956525,-0.291651,0.000000,0.000000,22735
-0.955868,-0.293797,0.000000,0.000000,22749
-0.955210,-0.295929,0.000000,0.000000,22763
-0.954551,-0.298047,0.000000,0.000000,22777
-0.953892,-0.300151,0.000000,0.000000,22791
-0.953232,-0.302241,0.000000,0.000000,22805
-0.952571,-0.304317,0.000000,0.000000,22819
-0.951910,-0.306379,0.000000,0.000000,22833
-0.951248,-0.308428,0.000000,0.000000,22847
-0.950585,-0.310463,0.000000,0.000000,22861
-0.949923,-0.312485,0.000000,0.000000,22875
-0.949259,-0.314494,0.000000,0.000000,22889
-0.948596,-0.316490,0.000000,0.000000,22904
-0.947932,-0.318472,0.000000,0.000000,22919
-0.947268,-0.320441,0.000000,0.000000,22934
-0.946604,-0.322398,0.000000,0.000000,22949
-0.945940,-0.324342,0.000000,0.000000,22964
-0.945276,-0.326273,0.000000,0.000000,22979
-0.944611,-0.328192,0.000000,0.000000,22994
-0.943947,-0.330098,0.000000,0.000000,23009
-0.943282,-0.331991,0.000000,0.000000,23024
-0.942618,-0.333873,0.000000,0.000000,23039
-0.941954,-0.335742,0.000000,0.000000,23054
-0.941290,-0.337599,0.000000,0.000000,23069
-0.940626,-0.339444,0.000000,0.000000,23084
-0.939963,-0.341278,0.000000,0.000000,23099
-0.939299,-0.343099,0.000000,0.000000,23114
-0.938636,-0.344909,0.000000,0.000000,23129
-0.937973,-0.346707,0.000000,0.000000,23144
-0.937311,-0.348494,0.000000,0.000000,23159
-0.936649,-0.350269,0.000000,0.000000,23174
-0.935988,-0.352032,0.000000,0.000000,23189
-0.935327,-0.353785,0.000000,0.000000,23204
-0.934666,-0.355526,0.000000,0.000000,23219
-0.934006,-0.357256,0.000000,0.000000,23235
-0.933347,-0.358975,0.000000,0.000000,23251
-0.932688,-0.360684,0.000000,0.000000,23267
-0.932030,-0.362381,0.000000,0.000000,23283
-0.931372,-0.364068,0.000000,0.000000,23299
-0.930716,-0.365744,0.000000,0.000000,23315
-0.930059,-0.367409,0.000000,0.000000,23331
-0.929404,-0.369064,0.000000,0.000000,23347
-0.928749,-0.370709,0.000000,0.000000,23363
-0.928095,-0.372343,0.000000,0.000000,23379
-0.927442,-0.373967,0.000000,0.000000,23395
-0.926790,-0.375580,0.000000,0.000000,23411
-0.926138,-0.377184,0.000000,0.000000,23427
-0.925488,-0.378778,0.000000,0.000000,23443
-0.924838,-0.380361,0.000000,0.000000,23459
-0.924189,-0.381935,0.000000,0.000000,23475
-0.923541,-0.383499,0.000000,0.000000,23491
-0.922894,-0.385053,0.000000,0.000000,23507
-0.922248,-0.386598,0.000000,0.000000,23523
-0.921603,-0.388133,0.000000,0.000000,23539
-0.920959,-0.389659,0.000000,0.000000,23555
-0.920316,-0.391175,0.000000,0.000000,23571
-0.919674,-0.392682,0.000000,0.000000,23588
-0.919033,-0.394180,0.000000,0.000000,23605
-0.918394,-0.395668,0.000000,0.000000,23622
-0.917755,-0.397147,0.000000,0.000000,23639
-0.917117,-0.398618,0.000000,0.000000,23656
-0.916481,-0.400079,0.000000,0.000000,23673
-0.915845,-0.401531,0.000000,0.000000,23690
-0.915211,-0.402975,0.000000,0.000000,23707
-0.914578,-0.404410,0.000000,0.000000,23724
-0.913946,-0.405836,0.000000,0.000000,23741
-0.913315,-0.407253,0.000000,0.000000,23758
-0.912686,-0.408662,0.000000,0.000000,23775
-0.912057,-0.410062,0.000000,0.000000,23792
-0.911430,-0.411454,0.000000,0.000000,23809
-0.910804,-0.412838,0.000000,0.000000,23826
-0.910180,-0.414213,0.000000,0.000000,23843
-0.909556,-0.415580,0.000000,0.000000,23860
-0.908934,-0.416939,0.000000,0.000000,23877
-0.908314,-0.418290,0.000000,0.000000,23894
-0.907694,-0.419633,0.000000,0.000000,23911
-0.907076,-0.420967,0.000000,0.000000,23928
-0.906459,-0.422294,0.000000,0.000000,23946
-0.905843,-0.423613,0.000000,0.000000,23964
-0.905229,-0.424924,0.000000,0.000000,23982
-0.904616,-0.426228,0.000000,0.000000,24000
-0.904004,-0.427523,0.000000,0.000000,24018
-0.903394,-0.428811,0.000000,0.000000,24036
-0.902785,-0.430092,0.000000,0.000000,24054
-0.902178,-0.431365,0.000000,0.000000,24072
-0.901571,-0.432630,0.000000,0.000000,24090
-0.900967,-0.433888,0.000000,0.000000,24108
-0.900363,-0.435139,0.000000,0.000000,24126
-0.899761,-0.436383,0.000000,0.000000,24144
-0.899160,-0.437619,0.000000,0.000000,24162
-0.898561,-0.438848,0.000000,0.000000,24180
-0.897963,-0.440070,0.000000,0.000000,24198
-0.897367,-0.441285,0.000000,0.000000,24216
-0.896772,-0.442493,0.000000,0.000000,24234
-0.896178,-0.443694,0.000000,0.000000,24252
-0.895586,-0.444888,0.000000,0.000000,24270
-0.894995,-0.446075,0.000000,0.000000,24288
-0.894406,-0.447256,0.000000,0.000000,24306
-0.893818,-0.448429,0.000000,0.000000,24325
-0.893232,-0.449596,0.000000,0.000000,24344
-0.892647,-0.450757,0.000000,0.000000,24363
-0.892063,-0.451910,0.000000,0.000000,24382
-0.891481,-0.453057,0.000000,0.000000,24401
-0.890901,-0.454198,0.000000,0.000000,24420
-0.890322,-0.455332,0.000000,0.000000,24439
-0.889744,-0.456460,0.000000,0.000000,24458
-0.889168,-0.457582,0.000000,0.000000,24477
-0.888593,-0.458697,0.000000,0.000000,24496
-0.888020,-0.459806,0.000000,0.000000,24515
-0.887448,-0.460908,0.000000,0.000000,24534
-0.886877,-0.462005,0.000000,0.000000,24553
-0.886308,-0.463095,0.000000,0.000000,24572
-0.885741,-0.464180,0.000000,0.000000,24591
-0.885175,-0.465258,0.000000,0.000000,24610
-0.884611,-0.466330,0.000000,0.000000,24629
-0.884048,-0.467397,0.000000,0.000000,24648
-0.883486,-0.468457,0.000000,0.000000,24667
-0.882926,-0.469512,0.000000,0.000000,24686
-0.882368,-0.470561,0.000000,0.000000,24706
-0.881811,-0.471604,0.000000,0.000000,24726
-0.881255,-0.472641,0.000000,0.000000,24746
-0.880701,-0.473673,0.000000,0.000000,24766
-0.880148,-0.474699,0.000000,0.000000,24786
-0.879597,-0.475719,0.000000,0.000000,24806
-0.879048,-0.476734,0.000000,0.000000,24826
-0.878499,-0.477743,0.000000,0.000000,24846
-0.877953,-0.478747,0.000000,0.000000,24866
-0.877408,-0.479746,0.000000,0.000000,24886
-0.876864,-0.480739,0.000000,0.000000,24906
-0.876322,-0.481726,0.000000,0.000000,24926
-0.875781,-0.482709,0.000000,0.000000,24946
-0.875242,-0.483686,0.000000,0.000000,24966
-0.874704,-0.484658,0.000000,0.000000,24986
-0.874168,-0.485624,0.000000,0.000000,25006
-0.873633,-0.486586,0.000000,0.000000,25026
-0.873100,-0.487542,0.000000,0.000000,25046
-0.872568,-0.488493,0.000000,0.000000,25066
-0.872037,-0.489439,0.000000,0.000000,25086
-0.871508,-0.490381,0.000000,0.000000,25106
-0.870981,-0.491317,0.000000,0.000000,25127
-0.870455,-0.492248,0.000000,0.000000,25148
-0.869930,-0.493174,0.000000,0.000000,25169
-0.869407,-0.494096,0.000000,0.000000,25190
-0.868886,-0.495012,0.000000,0.000000,25211
-0.868366,-0.495924,0.000000,0.000000,25232
-0.867847,-0.496831,0.000000,0.000000,25253
-0.867330,-0.497734,0.000000,0.000000,25274
-0.866814,-0.498631,0.000000,0.000000,25295
-0.866300,-0.499524,0.000000,0.000000,25316
-0.865787,-0.500412,0.000000,0.000000,25337
-0.865276,-0.501296,0.000000,0.000000,25358
-0.864766,-0.502175,0.000000,0.000000,25379
-0.864258,-0.503050,0.000000,0.000000,25400
-0.863751,-0.503920,0.000000,0.000000,25421
-0.863245,-0.504785,0.000000,0.000000,25442
-0.862741,-0.505646,0.000000,0.000000,25463
-0.862238,-0.506503,0.000000,0.000000,25484
-0.861737,-0.507355,0.000000,0.000000,25505
-0.861237,-0.508203,0.000000,0.000000,25526
-0.860739,-0.509047,0.000000,0.000000,25548
-0.860242,-0.509886,0.000000,0.000000,25570
-0.859746,-0.510721,0.000000,0.000000,25592
-0.859252,-0.511552,0.000000,0.000000,25614
-0.858760,-0.512379,0.000000,0.000000,25636
-0.858268,-0.513201,0.000000,0.000000,25658
-0.857778,-0.514020,0.000000,0.000000,25680
-0.857290,-0.514834,0.000000,0.000000,25702
-0.856803,-0.515644,0.000000,0.000000,25724
-0.856317,-0.516450,0.000000,0.000000,25746
-0.855833,-0.517252,0.000000,0.000000,25768
-0.855350,-0.518050,0.000000,0.000000,25790
-0.854869,-0.518844,0.000000,0.000000,25812
-0.854389,-0.519634,0.000000,0.000000,25834
-0.853910,-0.520420,0.000000,0.000000,25856
-0.853433,-0.521203,0.000000,0.000000,25878
-0.852957,-0.521981,0.000000,0.000000,25900
-0.852483,-0.522756,0.000000,0.000000,25922
-0.852009,-0.523526,0.000000,0.000000,25944
-0.851538,-0.524293,0.000000,0.000000,25966
-0.851067,-0.525057,0.000000,0.000000,25989
-0.850598,-0.525816,0.000000,0.000000,26012
-0.850131,-0.526572,0.000000,0.000000,26035
-0.849664,-0.527324,0.000000,0.000000,26058
-0.849199,-0.528072,0.000000,0.000000,26081
-0.848736,-0.528817,0.000000,0.000000,26104
-0.848274,-0.529558,0.000000,0.000000,26127
-0.847813,-0.530296,0.000000,0.000000,26150
-0.847353,-0.531030,0.000000,0.000000,26173
-0.846895,-0.531760,0.000000,0.000000,26196
-0.846438,-0.532487,0.000000,0.000000,26219
-0.845983,-0.533210,0.000000,0.000000,26242
-0.845529,-0.533930,0.000000,0.000000,26265
-0.845076,-0.534647,0.000000,0.000000,26288
-0.844624,-0.535360,0.000000,0.000000,26311
-0.844174,-0.536069,0.000000,0.000000,26334
-0.843725,-0.536776,0.000000,0.000000,26357
-0.843277,-0.537479,0.000000,0.000000,26380
-0.842831,-0.538178,0.000000,0.000000,26403
-0.842386,-0.538874,0.000000,0.000000,26426
-0.841942,-0.539567,0.000000,0.000000,26450
-0.841500,-0.540257,0.000000,0.000000,26474
-0.841059,-0.540943,0.000000,0.000000,26498
-0.840619,-0.541627,0.000000,0.000000,26522
-0.840181,-0.542307,0.000000,0.000000,26546
-0.839743,-0.542983,0.000000,0.000000,26570
-0.839307,-0.543657,0.000000,0.000000,26594
-0.838873,-0.544328,0.000000,0.000000,26618
-0.838439,-0.544995,0.000000,0.000000,26642
-0.838007,-0.545659,0.000000,0.000000,26666
-0.837576,-0.546320,0.000000,0.000000,26690
-0.837147,-0.546979,0.000000,0.000000,26714
-0.836718,-0.547634,0.000000,0.000000,26738
-0.836291,-0.548286,0.000000,0.000000,26762
-0.835865,-0.548935,0.000000,0.000000,26786
-0.835441,-0.549581,0.000000,0.000000,26810
-0.835017,-0.550224,0.000000,0.000000,26834
-0.834595,-0.550864,0.000000,0.000000,26858
-0.834174,-0.551501,0.000000,0.000000,26882
-0.833754,-0.552135,0.000000,0.000000,26906
-0.833440,-0.552609,0.000000,0.000000,26918
-0.833232,-0.552924,0.000000,0.000000,26930
-0.833023,-0.553239,0.000000,0.000000,26942
-0.832815,-0.553552,0.000000,0.000000,26954
-0.832607,-0.553865,0.000000,0.000000,26966
-0.832399,-0.554177,0.000000,0.000000,26978
-0.832191,-0.554488,0.000000,0.000000,26990
-0.831984,-0.554799,0.000000,0.000000,27002
-0.831777,-0.555109,0.000000,0.000000,27014
-0.831571,-0.555418,0.000000,0.000000,27026
-0.831365,-0.555727,0.000000,0.000000,27038
-0.831159,-0.556035,0.000000,0.000000,27050
-0.830953,-0.556342,0.000000,0.000000,27062
-0.830748,-0.556649,0.000000,0.000000,27074
-0.830543,-0.556955,0.000000,0.000000,27086
-0.830338,-0.557260,0.000000,0.000000,27098
-0.830134,-0.557564,0.000000,0.000000,27110
-0.829930,-0.557868,0.000000,0.000000,27122
-0.829726,-0.558171,0.000000,0.000000,27134
-0.829522,-0.558473,0.000000,0.000000,27146
-0.829319,-0.558775,0.000000,0.000000,27158
-0.829116,-0.559076,0.000000,0.000000,27170
-0.828914,-0.559377,0.000000,0.000000,27182
-0.828711,-0.559676,0.000000,0.000000,27194
-0.828509,-0.559975,0.000000,0.000000,27206
-0.828308,-0.560274,0.000000,0.000000,27218
-0.828106,-0.560571,0.000000,0.000000,27230
-0.827905,-0.560869,0.000000,0.000000,27242
